0 0.06107 0.06796
1 0.05068 0.0554
2 0.08014 0.15267
3 0.12251 0.271
4 0.18482 0.41724
5 0.26317 0.54461
6 0.36263 0.72914
7 0.47595 0.87871
8 0.60509 1.0475
9 0.76857 1.20356
10 0.93723 1.41542
11 1.13139 1.62444
12 1.32186 1.80824
13 1.54825 1.97111
14 1.77593 2.16755
15 2.06282 2.36866
16 2.31204 2.54251
17 2.64279 2.71605
18 2.98918 2.97426
19 3.29761 3.16893
20 3.66277 3.41891
21 4.31249 3.88031
22 4.53404 3.93885
23 4.74818 4.00695
24 5.19361 4.26466
25 5.59314 4.39097
26 6.09455 4.65802
27 6.59806 4.86277
28 7.00124 5.03865
29 7.43898 5.1817
30 8.12322 5.56716
31 8.58994 5.70542
